eid,category,shape,shape_type,size,sentence,sentence_1,sentence_2,sentence_3,sentence_4,sentence_5,raw_response,raw_response_1,raw_response_2,raw_response_3,raw_response_4,raw_response_5
Id0,culture,,,1,CFA,CFA,CFA,CFA,CFA,CFA,,,,,,
Id1,culture,,,3,FA,FA,FA,FA,FA,FA,,,,,,
Id2,politics,,,2,CFA,CFA,CFA,CFA,CFA,CFA,,,,,,
Id3,culture,,,3,CFA,CFA,CFA,CFA,CFA,CFA,,,,,,
Id4,geography,,,1,CFA,CFA,CFA,CFA,CFA,CFA,,,,,,
Id5,history,,,4,FI,FI,CFA,CFA,CFA,CFA,,,,,,
Id6,culture,,,3,FI,FI,FA,FA,FA,FA,,,,,,
Id7,geography,,,1,CFA,CFA,CFA,CFA,CFA,CFA,,,,,,
Id8,culture,,,5,CFA,CFA,CFA,CFA,CFA,CFA,,,,,,
Id9,culture,,,2,FA,FA,FA,FA,FA,FA,,,,,,
Id10,geography,,,1,FA,FA,FA,FA,FA,FA,,,,,,
Id11,politics,,,1,FI,FI,FI,FI,FI,FI,,,,,,
Id12,history,,,1,CFA,CFA,CFA,CFA,CFA,CFA,,,,,,
Id13,geography,,,2,FA,FA,FA,FA,FA,FA,,,,,,
Id15,history,,,2,CFA,CFA,CFA,CFA,CFA,CFA,,,,,,
Id17,geography,,,2,CFA,CFA,CFA,CFA,CFA,CFA,,,,,,
Id18,geography,,,2,CFA,CFA,CFA,CFA,CFA,CFA,,,,,,
Id19,geography,,,1,CFA,CFA,CFA,CFA,CFA,CFA,,,,,,
Id20,history,,,2,FA,FA,FA,FA,FA,FA,,,,,,
Id21,geography,,,2,CFA,CFA,CFA,CFA,CFA,CFA,,,,,,
Id22,sports,,,1,CFA,CFA,CFA,CFA,CFA,CFA,,,,,,
Id23,politics,,,1,CFA,CFA,CFA,CFA,CFA,CFA,,,,,,
Id24,sports,,,2,CFA,CFA,CFA,CFA,CFA,CFA,,,,,,
Id26,culture,,,4,CFA,CFA,CFA,CFA,CFA,CFA,,,,,,
Id27,culture,,,5,FI,FI,FI,FI,FI,FI,,,,,,
Id28,culture,,,2,CFA,CFA,CFA,CFA,CFA,CFA,,,,,,
Id29,sports,,,1,CFA,CFA,CFA,FI,CFA,CFA,,,,,,
Id30,history,,,3,CFA,CFA,CFA,CFA,CFA,CFA,,,,,,
Id31,geography,,,2,CFA,CFA,CFA,CFA,CFA,CFA,,,,,,
Id32,culture,,,3,FA,FA,CFA,CFA,CFA,CFA,,,,,,
Id33,geography,,,2,CFA,CFA,CFA,CFA,CFA,CFA,,,,,,
Id34,geography,,,2,CFA,CFA,CFA,CFA,CFA,CFA,,,,,,
Id35,geography,,,3,CFA,CFA,CFA,CFA,CFA,CFA,,,,,,
Id36,history,,,3,CFA,CFA,CFA,CFA,CFA,CFA,,,,,,
Id37,culture,,,3,FI,FI,FI,FI,FI,FI,,,,,,
Id38,history,,,2,CFA,CFA,CFA,CFA,CFA,CFA,,,,,,
Id39,history,,,1,CFA,CFA,CFA,CFA,CFA,CFA,,,,,,
Id40,geography,,,2,CFA,CFA,CFA,CFA,CFA,CFA,,,,,,
Id41,culture,,,2,FI,FI,FI,FI,FI,FI,,,,,,
Id42,other,,,2,CFA,CFA,CFA,CFA,CFA,CFA,,,,,,
Id43,geography,,,2,CFA,CFA,CFA,CFA,CFA,CFA,,,,,,
Id46,geography,,,2,CFA,CFA,CFA,CFA,CFA,CFA,,,,,,
Id48,culture,,,2,FI,FI,FI,FI,FI,FI,,,,,,
Id49,other,,,1,FI,FI,FI,FI,FI,FI,,,,,,
Id50,culture,,,2,CFA,CFA,CFA,CFA,CFA,CFA,,,,,,
Id52,sports,,,2,CFA,CFA,CFA,CFA,CFA,CFA,,,,,,
Id54,history,,,4,CFA,CFA,CFA,CFA,CFA,CFA,,,,,,
Id55,geography,,,1,CFA,CFA,CFA,CFA,CFA,CFA,,,,,,
Id56,geography,,,2,CFA,CFA,CFA,CFA,CFA,CFA,,,,,,
Id57,culture,,,1,CFA,CFA,CFA,CFA,CFA,CFA,,,,,,
Id58,geography,,,1,CFA,CFA,CFA,CFA,CFA,CFA,,,,,,
Id59,culture,,,1,CFA,CFA,FA,CFA,FA,FA,,,,,,
Id60,geography,,,2,CFA,CFA,CFA,CFA,CFA,CFA,,,,,,
Id61,geography,,,1,CFA,CFA,CFA,CFA,CFA,CFA,,,,,,
Id62,sports,,,4,CFA,CFA,CFA,CFA,CFA,CFA,,,,,,
Id63,geography,,,2,CFA,CFA,CFA,CFA,CFA,CFA,,,,,,
Id64,sports,,,2,CFA,CFA,CFA,CFA,CFA,CFA,,,,,,
Id65,culture,,,3,CFA,CFA,CFA,CFA,CFA,CFA,,,,,,
Id66,geography,,,3,CFA,CFA,CFA,CFA,CFA,CFA,,,,,,
Id67,culture,,,1,FI,FI,FI,FI,FI,FI,,,,,,
Id68,geography,,,2,CFA,CFA,CFA,CFA,CFA,CFA,,,,,,
Id69,culture,,,5,FI,FI,FI,FI,FI,FI,,,,,,
Id70,geography,,,2,CFA,CFA,CFA,CFA,CFA,CFA,,,,,,
Id71,culture,,,1,FA,FA,FA,FA,FA,FA,,,,,,
Id72,geography,,,2,FA,FA,FA,FA,CFA,FA,,,,,,
Id73,geography,,,2,CFA,CFA,CFA,CFA,CFA,CFA,,,,,,
Id74,geography,,,2,CFA,CFA,CFA,CFA,CFA,CFA,,,,,,
Id75,sports,,,3,FA,FA,FA,FA,FA,FA,,,,,,
Id76,culture,,,7,CFA,CFA,CFA,CFA,CFA,CFA,,,,,,
Id77,history,,,4,CFA,CFA,CFA,CFA,CFA,CFA,,,,,,
Id78,geography,,,2,CFA,CFA,CFA,CFA,CFA,CFA,,,,,,
Id79,geography,,,1,FA,FA,FA,FA,FA,FA,,,,,,
Id80,culture,,,3,CFA,CFA,CFA,CFA,CFA,CFA,,,,,,
Id81,politics,,,2,FA,FA,FA,FA,FA,FA,,,,,,
Id82,other,,,5,CFA,CFA,CFA,CFA,CFA,CFA,,,,,,
Id83,sports,,,7,CFA,CFA,CFA,CFA,CFA,CFA,,,,,,
Id84,culture,,,5,CFA,CFA,CFA,CFA,CFA,CFA,,,,,,
Id85,culture,,,5,CFA,CFA,CFA,CFA,CFA,CFA,,,,,,
Id86,sports,,,3,CFA,CFA,CFA,CFA,CFA,CFA,,,,,,
Id87,history,,,3,CFA,CFA,CFA,FI,FI,FI,,,,,,
Id88,geography,,,2,CFA,CFA,CFA,CFA,CFA,CFA,,,,,,
Id89,geography,,,2,CFA,CFA,CFA,CFA,CFA,CFA,,,,,,
Id90,sports,,,4,CFA,CFA,CFA,CFA,CFA,CFA,,,,,,
Id91,culture,,,1,CFA,CFA,CFA,CFA,CFA,CFA,,,,,,
Id92,history,,,1,CFA,CFA,CFA,CFA,CFA,CFA,,,,,,
Id94,history,,,6,CFA,CFA,CFA,CFA,CFA,CFA,,,,,,
Id95,geography,,,1,CFA,CFA,CFA,CFA,CFA,CFA,,,,,,
Id96,sports,,,4,CFA,CFA,CFA,CFA,CFA,CFA,,,,,,
Id99,sports,,,2,CFA,CFA,CFA,CFA,CFA,CFA,,,,,,
Id100,other,,,3,FA,FA,FA,FA,FA,FA,,,,,,
Id101,history,,,4,CFA,CFA,CFA,CFA,CFA,CFA,,,,,,
Id103,history,,,1,CFA,CFA,CFA,CFA,CFA,CFA,,,,,,
Id104,history,,,1,CFA,CFA,CFA,CFA,CFA,CFA,,,,,,
Id105,history,,,1,FA,FA,FA,FA,FA,FA,,,,,,
Id106,history,,,4,CFA,CFA,CFA,CFA,CFA,CFA,,,,,,
Id108,history,,,7,CFA,CFA,CFA,CFA,CFA,CFA,,,,,,
Id109,politics,,,3,CFA,CFA,CFA,CFA,CFA,CFA,,,,,,
Id110,culture,,,6,FA,FA,FA,FA,FA,FA,,,,,,
Id112,culture,,,3,CFA,CFA,CFA,CFA,CFA,CFA,,,,,,
Id113,geography,,,1,CFA,CFA,CFA,CFA,CFA,CFA,,,,,,
Id114,history,,,2,CFA,CFA,CFA,CFA,CFA,CFA,,,,,,
Id115,culture,,,7,CFA,CFA,CFA,CFA,CFA,CFA,,,,,,
Id116,geography,,,5,CFA,CFA,CFA,CFA,CFA,CFA,,,,,,
Id117,culture,,,4,CFA,CFA,CFA,CFA,CFA,CFA,,,,,,
Id118,history,,,5,FA,FA,FA,FA,FA,FA,,,,,,
Id119,other,,,4,FA,FA,FA,FA,FA,FA,,,,,,
Id120,history,,,4,CFA,CFA,CFA,CFA,CFA,CFA,,,,,,
Id121,history,,,4,CFA,CFA,CFA,CFA,CFA,CFA,,,,,,
Id123,culture,,,2,CFA,CFA,CFA,CFA,CFA,CFA,,,,,,
Id124,culture,,,3,FA,FA,CFA,FA,FA,CFA,,,,,,
Id125,culture,,,2,CFA,CFA,FA,FA,FA,CFA,,,,,,
Id127,culture,,,3,FI,FI,FI,FI,FI,FI,,,,,,
Id128,culture,,,3,FA,FA,FA,FA,FA,FA,,,,,,
Id129,geography,,,3,CFA,CFA,CFA,CFA,CFA,CFA,,,,,,
Id130,geography,,,1,CFA,CFA,CFA,CFA,CFA,CFA,,,,,,
Id131,geography,,,1,CFA,CFA,CFA,CFA,CFA,CFA,,,,,,
Id132,geography,,,1,CFA,CFA,CFA,CFA,CFA,CFA,,,,,,
Id133,geography,,,2,CFA,CFA,CFA,CFA,CFA,CFA,,,,,,
Id134,geography,,,1,CFA,CFA,CFA,CFA,CFA,CFA,,,,,,
Id135,history,,,1,CFA,CFA,CFA,CFA,CFA,CFA,,,,,,
Id136,geography,,,1,CFA,CFA,CFA,CFA,CFA,CFA,,,,,,
Id137,culture,,,3,CFA,CFA,CFA,CFA,CFA,CFA,,,,,,
Id138,geography,,,2,CFA,CFA,CFA,CFA,CFA,CFA,,,,,,
Id139,culture,,,2,CFA,CFA,CFA,CFA,CFA,CFA,,,,,,
Id141,geography,,,1,CFA,CFA,CFA,CFA,CFA,CFA,,,,,,
Id142,geography,,,2,CFA,CFA,CFA,CFA,CFA,CFA,,,,,,
Id143,geography,,,3,CFA,CFA,CFA,CFA,CFA,CFA,,,,,,
Id144,geography,,,2,FI,FI,FI,FI,FI,FI,,,,,,
Id145,sports,,,3,CFA,CFA,CFA,CFA,CFA,CFA,,,,,,
Id146,geography,,,1,FA,FA,FA,FA,FA,FA,,,,,,
Id147,politics,,,4,CFA,CFA,CFA,CFA,CFA,CFA,,,,,,
Id148,geography,,,2,CFA,CFA,CFA,CFA,CFA,CFA,,,,,,
Id149,geography,,,1,FA,FA,FA,FA,FA,FA,,,,,,
Id150,other,,,2,FA,FA,CFA,CFA,FA,CFA,,,,,,
Id151,culture,,,4,CFA,CFA,CFA,CFA,CFA,CFA,,,,,,
Id153,other,,,2,FI,FI,FA,FA,FI,FA,,,,,,
Id154,geography,,,3,CFA,CFA,CFA,CFA,CFA,CFA,,,,,,
Id155,geography,,,3,CFA,CFA,CFA,CFA,CFA,CFA,,,,,,
Id156,other,,,3,CFA,CFA,CFA,CFA,CFA,CFA,,,,,,
Id157,culture,,,4,CFA,CFA,CFA,CFA,CFA,CFA,,,,,,
Id158,culture,,,4,FI,FI,FA,FI,FA,FA,,,,,,
Id159,geography,,,3,CFA,CFA,CFA,CFA,CFA,CFA,,,,,,
Id160,sports,,,4,CFA,CFA,CFA,CFA,CFA,CFA,,,,,,
Id161,geography,,,3,FA,FA,FA,FA,FA,FA,,,,,,
Id162,geography,,,1,FA,FA,FA,FA,FA,FA,,,,,,
Id163,geography,,,2,CFA,CFA,CFA,CFA,CFA,CFA,,,,,,
Id164,history,,,4,FA,FA,FA,FA,FA,FA,,,,,,
Id166,culture,,,2,CFA,CFA,CFA,CFA,CFA,CFA,,,,,,
Id169,geography,,,2,CFA,CFA,CFA,CFA,CFA,CFA,,,,,,
Id170,other,,,1,FI,FI,CFA,CFA,CFA,CFA,,,,,,
Id173,geography,,,2,CFA,CFA,CFA,CFA,CFA,CFA,,,,,,
Id174,culture,,,2,FI,FI,FI,FI,FI,FI,,,,,,
Id175,culture,,,2,CFA,CFA,CFA,CFA,CFA,CFA,,,,,,
Id177,culture,,,9,FI,FI,FI,FI,FI,FI,,,,,,
Id179,culture,,,3,FA,FA,FA,FA,CFA,FA,,,,,,
Id180,geography,,,3,CFA,CFA,CFA,CFA,CFA,CFA,,,,,,
Id181,culture,,,5,FA,FA,FA,FA,FA,FA,,,,,,
Id182,culture,,,5,FA,FA,FA,FA,FA,FA,,,,,,
Id183,geography,,,3,CFA,CFA,CFA,CFA,CFA,CFA,,,,,,
Id184,geography,,,2,CFA,CFA,CFA,CFA,CFA,CFA,,,,,,
Id185,geography,,,3,CFA,CFA,CFA,CFA,CFA,CFA,,,,,,
Id186,history,,,5,CFA,CFA,CFA,CFA,CFA,CFA,,,,,,
Id187,other,,,4,CFA,CFA,CFA,CFA,CFA,CFA,,,,,,
Id188,culture,,,4,CFA,CFA,CFA,CFA,CFA,CFA,,,,,,
Id189,culture,,,3,CFA,CFA,CFA,CFA,CFA,CFA,,,,,,
Id190,culture,,,6,CFA,CFA,CFA,CFA,CFA,CFA,,,,,,
Id191,culture,,,6,CFA,CFA,CFA,CFA,CFA,CFA,,,,,,
Id192,history,,,5,FA,FA,CFA,CFA,CFA,CFA,,,,,,
Id193,culture,,,5,FI,FI,FI,FI,FI,FI,,,,,,
Id194,culture,,,3,FI,FI,FI,FI,CFA,FI,,,,,,
Id195,culture,,,4,FI,FI,FI,FI,FI,FI,,,,,,
Id196,culture,,,4,FI,FI,FI,FI,FI,FI,,,,,,
Id197,culture,,,3,CFA,CFA,CFA,CFA,CFA,CFA,,,,,,
Id199,culture,,,7,CFA,CFA,CFA,CFA,CFA,CFA,,,,,,
Id200,culture,,,5,CFA,CFA,FI,CFA,CFA,CFA,,,,,,
Id201,culture,,,9,FI,FI,FI,FI,FI,FI,,,,,,
Id202,culture,,,5,CFA,CFA,FA,FA,FA,CFA,,,,,,
Id203,culture,,,6,FI,FI,FI,FI,CFA,FI,,,,,,
Id204,culture,,,7,CFA,CFA,CFA,CFA,CFA,CFA,,,,,,
Id205,culture,,,5,CFA,CFA,CFA,CFA,CFA,CFA,,,,,,
Id206,culture,,,6,CFA,CFA,CFA,CFA,CFA,CFA,,,,,,
Id207,culture,,,9,FI,FI,FI,FI,FI,FI,,,,,,
Id208,culture,,,5,FI,FI,FI,FI,FI,FI,,,,,,
Id209,culture,,,3,CFA,CFA,CFA,CFA,CFA,CFA,,,,,,
Id210,history,,,4,FI,FI,FI,FI,FI,FI,,,,,,
Id211,culture,,,4,CFA,CFA,CFA,CFA,CFA,CFA,,,,,,
Id212,geography,,,2,CFA,CFA,CFA,CFA,CFA,CFA,,,,,,
Id213,geography,,,4,CFA,CFA,CFA,CFA,CFA,CFA,,,,,,
Id214,culture,,,5,FI,FI,FI,FI,FI,FI,,,,,,
Id215,history,,,4,CFA,CFA,FI,CFA,CFA,CFA,,,,,,
Id216,history,,,6,FI,FI,FI,FI,FI,FI,,,,,,
Id217,history,,,4,CFA,CFA,CFA,CFA,CFA,CFA,,,,,,
Id218,history,,,6,CFA,CFA,CFA,CFA,CFA,CFA,,,,,,
Id219,culture,,,3,CFA,CFA,CFA,CFA,CFA,CFA,,,,,,
Id220,geography,,,2,CFA,CFA,CFA,CFA,CFA,CFA,,,,,,
Id221,geography,,,1,CFA,CFA,CFA,CFA,CFA,CFA,,,,,,
Id222,geography,,,2,FA,FA,FA,FA,FA,FA,,,,,,
Id223,culture,,,6,CFA,CFA,CFA,CFA,CFA,CFA,,,,,,
Id224,geography,,,1,FA,FA,FA,FA,FA,FA,,,,,,
Id225,history,,,2,CFA,CFA,CFA,CFA,CFA,CFA,,,,,,
Id227,geography,,,1,CFA,CFA,CFA,CFA,CFA,CFA,,,,,,
Id228,geography,,,2,CFA,CFA,CFA,CFA,CFA,CFA,,,,,,
Id229,culture,,,3,CFA,CFA,CFA,CFA,CFA,CFA,,,,,,
Id230,geography,,,3,CFA,CFA,CFA,CFA,CFA,CFA,,,,,,
Id233,culture,,,1,CFA,CFA,CFA,CFA,CFA,CFA,,,,,,
Id234,history,,,2,CFA,CFA,CFA,CFA,CFA,CFA,,,,,,
Id235,geography,,,1,FA,FA,FA,FA,FA,FA,,,,,,
Id236,geography,,,1,CFA,CFA,CFA,CFA,CFA,CFA,,,,,,
Id237,geography,,,1,CFA,CFA,CFA,CFA,CFA,CFA,,,,,,
Id238,geography,,,1,CFA,CFA,CFA,CFA,CFA,CFA,,,,,,
Id239,geography,,,1,CFA,CFA,CFA,CFA,CFA,CFA,,,,,,
Id240,geography,,,1,CFA,CFA,CFA,CFA,CFA,CFA,,,,,,
Id241,history,,,3,CFA,CFA,CFA,CFA,CFA,CFA,,,,,,
Id242,geography,,,2,CFA,CFA,CFA,CFA,CFA,CFA,,,,,,
Id243,geography,,,1,CFA,CFA,CFA,CFA,CFA,CFA,,,,,,
Id244,geography,,,1,CFA,CFA,CFA,CFA,CFA,CFA,,,,,,
Id245,culture,,,2,FA,FA,FA,FA,FA,FA,,,,,,
Id246,geography,,,1,CFA,CFA,CFA,CFA,CFA,CFA,,,,,,
Id247,geography,,,1,CFA,CFA,CFA,CFA,CFA,CFA,,,,,,
Id248,other,,,2,CFA,CFA,CFA,CFA,CFA,CFA,,,,,,
Id249,geography,,,1,CFA,CFA,CFA,CFA,CFA,CFA,,,,,,
Id250,geography,,,1,CFA,CFA,CFA,CFA,CFA,CFA,,,,,,
Id252,geography,,,1,CFA,CFA,CFA,CFA,CFA,CFA,,,,,,
Id253,history,,,1,FI,FI,CFA,FI,CFA,CFA,,,,,,
Id254,geography,,,1,CFA,CFA,CFA,CFA,CFA,CFA,,,,,,
Id258,history,,,2,FI,FI,CFA,FI,FI,FI,,,,,,
Id259,geography,,,1,CFA,CFA,CFA,CFA,CFA,CFA,,,,,,
Id260,other,,,1,CFA,CFA,CFA,CFA,CFA,CFA,,,,,,
Id263,culture,,,2,FI,FI,FI,FI,FI,FI,,,,,,
Id264,history,,,1,CFA,CFA,CFA,FI,CFA,CFA,,,,,,
Id265,geography,,,2,CFA,CFA,CFA,CFA,CFA,CFA,,,,,,
Id266,geography,,,1,FA,FA,FA,FA,FA,FA,,,,,,
Id267,history,,,4,FI,FI,FI,FI,FI,FI,,,,,,
Id269,culture,,,2,CFA,CFA,CFA,CFA,CFA,CFA,,,,,,
Id270,geography,,,1,CFA,CFA,CFA,CFA,CFA,CFA,,,,,,
Id271,geography,,,1,CFA,CFA,CFA,CFA,CFA,CFA,,,,,,
Id272,geography,,,1,CFA,CFA,CFA,CFA,CFA,CFA,,,,,,
Id273,history,,,2,CFA,CFA,CFA,CFA,CFA,CFA,,,,,,
Id274,geography,,,1,CFA,CFA,CFA,CFA,CFA,CFA,,,,,,
Id276,culture,,,1,FI,FI,FI,FI,CFA,CFA,,,,,,
Id277,geography,,,2,CFA,CFA,CFA,CFA,CFA,CFA,,,,,,
Id278,history,,,1,CFA,CFA,CFA,CFA,CFA,CFA,,,,,,
Id279,culture,,,4,CFA,CFA,CFA,CFA,CFA,CFA,,,,,,
Id280,history,,,2,FA,FA,CFA,CFA,CFA,FA,,,,,,
Id281,geography,,,1,CFA,CFA,CFA,CFA,CFA,CFA,,,,,,
Id283,geography,,,1,CFA,CFA,CFA,CFA,CFA,CFA,,,,,,
Id284,politics,,,3,CFA,CFA,CFA,CFA,CFA,CFA,,,,,,
Id287,culture,,,1,FA,FA,CFA,FA,FA,FA,,,,,,
Id288,geography,,,1,CFA,CFA,CFA,CFA,CFA,CFA,,,,,,
Id289,history,,,3,CFA,CFA,CFA,CFA,CFA,CFA,,,,,,
Id290,culture,,,1,CFA,CFA,CFA,CFA,CFA,CFA,,,,,,
Id291,culture,,,1,FA,FA,FA,FA,FA,FA,,,,,,
Id292,history,,,1,CFA,CFA,CFA,CFA,CFA,CFA,,,,,,
Id293,history,,,1,FI,FI,CFA,FI,FI,CFA,,,,,,
Id294,culture,,,3,CFA,CFA,CFA,CFA,CFA,CFA,,,,,,
Id295,geography,,,2,FA,FA,FA,FA,FA,FA,,,,,,
Id296,geography,,,1,FA,FA,FA,FA,FA,FA,,,,,,
Id297,history,,,1,FI,FI,FI,FI,FI,FI,,,,,,
Id298,geography,,,3,FI,FI,FI,FI,FI,FI,,,,,,
Id299,geography,,,3,FA,FA,FA,CFA,CFA,CFA,,,,,,
Id300,history,,,2,CFA,CFA,CFA,CFA,CFA,CFA,,,,,,
Id301,history,,,2,CFA,CFA,CFA,CFA,CFA,CFA,,,,,,
Id303,politics,,,3,CFA,CFA,CFA,CFA,CFA,CFA,,,,,,
Id304,culture,,,3,CFA,CFA,CFA,CFA,CFA,CFA,,,,,,
Id306,history,,,3,CFA,CFA,CFA,CFA,CFA,CFA,,,,,,
Id307,geography,,,3,CFA,CFA,CFA,CFA,CFA,CFA,,,,,,
Id308,geography,,,2,FA,FA,FA,FA,FA,FA,,,,,,
Id309,geography,,,2,CFA,CFA,CFA,CFA,CFA,CFA,,,,,,
Id310,culture,,,1,CFA,CFA,CFA,CFA,CFA,CFA,,,,,,
Id311,culture,,,3,CFA,CFA,CFA,CFA,CFA,CFA,,,,,,
Id312,history,,,6,CFA,CFA,CFA,CFA,CFA,CFA,,,,,,
Id313,history,,,2,CFA,CFA,CFA,CFA,CFA,CFA,,,,,,
Id314,geography,,,2,FA,FA,FA,FA,FA,FA,,,,,,
Id315,history,,,4,CFA,CFA,CFA,CFA,CFA,CFA,,,,,,
Id317,geography,,,1,CFA,CFA,CFA,CFA,CFA,CFA,,,,,,
Id318,history,,,1,CFA,CFA,CFA,CFA,CFA,CFA,,,,,,
Id319,sports,,,2,CFA,CFA,CFA,CFA,CFA,CFA,,,,,,
Id320,history,,,1,CFA,CFA,CFA,CFA,CFA,CFA,,,,,,
Id321,geography,,,4,CFA,CFA,CFA,CFA,CFA,CFA,,,,,,
Id322,history,,,3,CFA,CFA,CFA,CFA,CFA,CFA,,,,,,
Id323,culture,,,6,FA,FA,FA,FA,FA,FA,,,,,,
Id324,geography,,,1,CFA,CFA,CFA,FA,FA,CFA,,,,,,
Id325,history,,,5,CFA,CFA,CFA,CFA,CFA,CFA,,,,,,
Id326,culture,,,4,FA,FA,FA,FA,FA,FA,,,,,,
Id327,history,,,2,CFA,CFA,CFA,CFA,FA,FA,,,,,,
Id328,history,,,5,CFA,CFA,CFA,CFA,CFA,CFA,,,,,,
Id329,history,,,1,CFA,CFA,CFA,CFA,CFA,CFA,,,,,,
Id330,history,,,2,CFA,CFA,CFA,CFA,CFA,CFA,,,,,,
Id332,history,,,1,FA,FA,FA,FA,FA,FA,,,,,,
Id333,culture,,,2,CFA,CFA,CFA,CFA,CFA,CFA,,,,,,
Id334,culture,,,2,FA,FA,FA,FA,FA,FA,,,,,,
Id335,geography,,,1,CFA,CFA,CFA,CFA,CFA,CFA,,,,,,
Id336,culture,,,2,FI,FI,FI,FI,FI,FI,,,,,,
Id337,geography,,,1,CFA,CFA,CFA,CFA,CFA,CFA,,,,,,
Id338,history,,,5,CFA,CFA,CFA,CFA,CFA,CFA,,,,,,
Id339,history,,,3,CFA,CFA,CFA,CFA,CFA,CFA,,,,,,
Id340,politics,,,2,CFA,CFA,CFA,CFA,CFA,CFA,,,,,,
Id341,history,,,3,CFA,CFA,CFA,CFA,CFA,CFA,,,,,,
Id342,history,,,3,CFA,CFA,CFA,CFA,CFA,CFA,,,,,,
Id344,geography,,,3,CFA,CFA,CFA,CFA,CFA,CFA,,,,,,
Id345,history,,,3,CFA,CFA,CFA,CFA,CFA,CFA,,,,,,
Id346,history,,,4,CFA,CFA,CFA,CFA,CFA,CFA,,,,,,
Id347,geography,,,3,CFA,CFA,CFA,CFA,CFA,CFA,,,,,,
Id348,history,,,1,CFA,CFA,CFA,CFA,CFA,CFA,,,,,,
Id349,geography,,,1,CFA,CFA,CFA,CFA,CFA,CFA,,,,,,
Id350,geography,,,2,CFA,CFA,CFA,CFA,CFA,CFA,,,,,,
Id351,geography,,,3,CFA,CFA,CFA,CFA,CFA,CFA,,,,,,
Id353,geography,,,6,FA,FA,FA,FA,FA,FA,,,,,,
Id354,geography,,,1,FI,FI,FI,FI,FI,FI,,,,,,
Id355,politics,,,1,CFA,CFA,CFA,CFA,CFA,CFA,,,,,,
Id356,geography,,,1,FA,FA,FA,FA,FA,FA,,,,,,
Id357,sports,,,4,CFA,CFA,CFA,CFA,CFA,CFA,,,,,,
Id358,geography,,,1,CFA,CFA,CFA,CFA,CFA,CFA,,,,,,
Id359,culture,,,2,CFA,CFA,CFA,CFA,CFA,CFA,,,,,,
Id360,geography,,,1,CFA,CFA,CFA,CFA,CFA,CFA,,,,,,
Id361,history,,,2,CFA,CFA,CFA,CFA,CFA,CFA,,,,,,
Id362,culture,,,1,CFA,CFA,CFA,FI,CFA,CFA,,,,,,
Id363,culture,,,1,CFA,CFA,FA,FA,FA,CFA,,,,,,
Id364,geography,,,2,CFA,CFA,CFA,CFA,CFA,CFA,,,,,,
Id366,politics,,,5,CFA,CFA,CFA,CFA,CFA,CFA,,,,,,
Id367,culture,,,4,CFA,CFA,CFA,CFA,CFA,CFA,,,,,,
Id368,culture,,,1,CFA,CFA,CFA,CFA,CFA,CFA,,,,,,
Id369,geography,,,3,CFA,CFA,CFA,CFA,CFA,CFA,,,,,,
Id370,geography,,,1,CFA,CFA,CFA,CFA,CFA,CFA,,,,,,
Id371,geography,,,5,CFA,CFA,CFA,CFA,CFA,CFA,,,,,,
Id372,other,,,4,CFA,CFA,CFA,CFA,CFA,CFA,,,,,,
Id374,history,,,3,CFA,CFA,CFA,CFA,CFA,CFA,,,,,,
Id375,geography,,,4,CFA,CFA,CFA,CFA,CFA,CFA,,,,,,
Id376,geography,,,2,CFA,CFA,CFA,CFA,CFA,CFA,,,,,,
Id377,history,,,4,CFA,CFA,CFA,CFA,CFA,CFA,,,,,,
Id378,history,,,1,CFA,CFA,CFA,CFA,CFA,CFA,,,,,,
Id379,culture,,,2,FA,FA,FA,FA,FA,FA,,,,,,
Id380,geography,,,1,CFA,CFA,CFA,CFA,CFA,CFA,,,,,,
Id381,culture,,,1,FI,FI,FI,FI,FI,FI,,,,,,
Id382,geography,,,2,CFA,CFA,CFA,CFA,CFA,CFA,,,,,,
Id383,geography,,,1,CFA,CFA,CFA,CFA,CFA,CFA,,,,,,
Id384,geography,,,2,CFA,CFA,CFA,CFA,CFA,CFA,,,,,,
Id385,geography,,,2,CFA,CFA,CFA,CFA,CFA,CFA,,,,,,
Id387,history,,,5,CFA,CFA,CFA,CFA,CFA,CFA,,,,,,
Id388,geography,,,4,CFA,CFA,CFA,CFA,CFA,CFA,,,,,,
Id389,politics,,,5,CFA,CFA,CFA,CFA,CFA,CFA,,,,,,
Id390,history,,,3,FA,FA,FA,FA,FA,FA,,,,,,
Id391,history,,,5,CFA,CFA,CFA,CFA,CFA,CFA,,,,,,
Id392,politics,,,5,CFA,CFA,CFA,CFA,CFA,CFA,,,,,,
Id393,culture,,,2,FI,FI,FI,FI,FI,FI,,,,,,
Id394,geography,,,5,FI,FI,FI,FI,FI,FI,,,,,,
Id395,politics,,,1,CFA,CFA,CFA,CFA,CFA,CFA,,,,,,
Id396,culture,,,5,CFA,CFA,CFA,CFA,CFA,CFA,,,,,,
Id397,culture,,,4,CFA,CFA,CFA,CFA,CFA,CFA,,,,,,
Id398,geography,,,2,CFA,CFA,CFA,CFA,CFA,CFA,,,,,,
Id399,other,,,7,CFA,CFA,CFA,CFA,CFA,CFA,,,,,,
Id400,politics,,,5,CFA,CFA,CFA,CFA,CFA,CFA,,,,,,
Id401,culture,,,5,CFA,CFA,CFA,CFA,CFA,CFA,,,,,,
Id402,culture,,,6,CFA,CFA,CFA,CFA,CFA,CFA,,,,,,
Id403,culture,,,4,CFA,CFA,CFA,CFA,CFA,CFA,,,,,,
Id404,culture,,,4,FI,FI,FI,FI,FI,FI,,,,,,
Id405,geography,,,2,CFA,CFA,CFA,CFA,CFA,CFA,,,,,,
Id406,culture,,,3,CFA,CFA,CFA,CFA,CFA,CFA,,,,,,
Id407,history,,,5,CFA,CFA,CFA,CFA,CFA,CFA,,,,,,
Id408,history,,,4,CFA,CFA,CFA,CFA,CFA,CFA,,,,,,
Id409,culture,,,3,CFA,CFA,FI,CFA,FI,FI,,,,,,
Id410,culture,,,6,CFA,CFA,CFA,CFA,CFA,CFA,,,,,,
Id411,culture,,,7,CFA,CFA,CFA,CFA,CFA,CFA,,,,,,
Id412,culture,,,5,CFA,CFA,CFA,CFA,CFA,CFA,,,,,,
Id413,geography,,,3,FA,FA,FA,FA,FA,FA,,,,,,
Id414,culture,,,6,CFA,CFA,CFA,FI,FI,CFA,,,,,,
Id415,history,,,4,FI,FI,FI,FI,FI,FI,,,,,,
Id416,geography,,,4,FI,FI,FI,FI,FI,FI,,,,,,
Id417,culture,,,4,FI,FI,FI,FI,FI,FI,,,,,,
Id418,history,,,3,CFA,CFA,CFA,CFA,CFA,CFA,,,,,,
Id419,history,,,6,CFA,CFA,CFA,CFA,CFA,CFA,,,,,,
Id420,history,,,4,CFA,CFA,CFA,CFA,CFA,CFA,,,,,,
Id421,history,,,4,CFA,CFA,CFA,CFA,CFA,CFA,,,,,,
Id422,politics,,,3,CFA,CFA,CFA,CFA,CFA,CFA,,,,,,
Id423,history,,,1,FA,FA,FA,FA,FA,FA,,,,,,
Id424,geography,,,7,CFA,CFA,FA,CFA,CFA,CFA,,,,,,
Id425,geography,,,2,CFA,CFA,FI,CFA,FI,FI,,,,,,
Id426,culture,,,5,CFA,CFA,CFA,CFA,CFA,CFA,,,,,,
Id427,history,,,4,CFA,CFA,CFA,CFA,CFA,CFA,,,,,,
Id428,culture,,,7,CFA,CFA,CFA,CFA,CFA,CFA,,,,,,
Id429,geography,,,3,CFA,CFA,CFA,CFA,CFA,CFA,,,,,,
Id430,culture,,,8,CFA,CFA,CFA,CFA,CFA,CFA,,,,,,
Id431,sports,,,1,FI,FI,CFA,FI,FI,FI,,,,,,
Id433,history,,,2,CFA,CFA,CFA,CFA,CFA,CFA,,,,,,
Id435,history,,,5,CFA,CFA,CFA,CFA,CFA,CFA,,,,,,
Id436,geography,,,1,CFA,CFA,CFA,CFA,CFA,CFA,,,,,,
Id437,geography,,,1,CFA,CFA,CFA,CFA,CFA,CFA,,,,,,
Id438,geography,,,1,CFA,CFA,CFA,CFA,CFA,CFA,,,,,,
Id439,geography,,,2,CFA,CFA,CFA,CFA,CFA,CFA,,,,,,
Id440,geography,,,1,CFA,CFA,CFA,CFA,CFA,CFA,,,,,,
Id441,geography,,,1,CFA,CFA,CFA,CFA,CFA,CFA,,,,,,
Id442,geography,,,2,CFA,CFA,CFA,CFA,CFA,CFA,,,,,,
Id443,history,,,4,CFA,CFA,CFA,CFA,CFA,CFA,,,,,,
Id444,history,,,2,FA,FA,FA,FA,FA,FA,,,,,,
Id445,geography,,,1,CFA,CFA,CFA,CFA,CFA,CFA,,,,,,
Id446,geography,,,3,CFA,CFA,CFA,CFA,CFA,CFA,,,,,,
Id447,geography,,,1,CFA,CFA,CFA,CFA,CFA,CFA,,,,,,
Id448,history,,,1,CFA,CFA,CFA,CFA,CFA,CFA,,,,,,
Id449,geography,,,2,CFA,CFA,CFA,CFA,CFA,CFA,,,,,,
Id450,geography,,,1,CFA,CFA,CFA,CFA,CFA,CFA,,,,,,
Id451,geography,,,3,CFA,CFA,CFA,CFA,CFA,CFA,,,,,,
Id452,history,,,1,FI,FI,FI,FI,FI,FI,,,,,,
Id453,history,,,1,CFA,CFA,CFA,CFA,CFA,CFA,,,,,,
Id454,geography,,,1,CFA,CFA,CFA,CFA,CFA,CFA,,,,,,
Id455,culture,,,2,FI,FI,FI,FI,FI,FI,,,,,,
Id456,geography,,,3,CFA,CFA,CFA,CFA,CFA,CFA,,,,,,
Id457,geography,,,1,CFA,CFA,CFA,CFA,CFA,CFA,,,,,,
Id458,history,,,1,CFA,CFA,CFA,CFA,CFA,CFA,,,,,,
Id459,history,,,2,FA,FA,CFA,FA,CFA,CFA,,,,,,
Id460,culture,,,3,CFA,CFA,CFA,CFA,CFA,CFA,,,,,,
Id461,geography,,,5,CFA,CFA,FA,CFA,FA,CFA,,,,,,
Id462,culture,,,3,CFA,CFA,CFA,CFA,CFA,CFA,,,,,,
Id463,geography,,,1,CFA,CFA,CFA,CFA,CFA,CFA,,,,,,
Id464,geography,,,5,FA,FA,FA,FA,FA,FA,,,,,,
Id465,history,,,2,CFA,CFA,CFA,CFA,CFA,CFA,,,,,,
Id466,geography,,,1,FA,FA,CFA,CFA,CFA,FA,,,,,,
Id467,geography,,,3,CFA,CFA,CFA,CFA,CFA,CFA,,,,,,
Id468,geography,,,1,CFA,CFA,CFA,CFA,CFA,CFA,,,,,,
Id469,geography,,,2,CFA,CFA,CFA,CFA,CFA,CFA,,,,,,
Id470,geography,,,4,CFA,CFA,CFA,CFA,CFA,CFA,,,,,,
Id471,culture,,,1,CFA,CFA,CFA,CFA,CFA,CFA,,,,,,
Id472,geography,,,7,CFA,CFA,CFA,CFA,CFA,CFA,,,,,,
Id473,history,,,5,CFA,CFA,CFA,CFA,CFA,CFA,,,,,,
Id474,geography,,,2,CFA,CFA,CFA,CFA,CFA,CFA,,,,,,
Id477,sports,,,3,CFA,CFA,CFA,CFA,CFA,CFA,,,,,,
Id478,culture,,,2,CFA,CFA,CFA,CFA,CFA,CFA,,,,,,
Id479,geography,,,2,CFA,CFA,CFA,CFA,CFA,CFA,,,,,,
Id480,culture,,,2,FA,FA,FA,FA,FA,FA,,,,,,
Id481,history,,,1,CFA,CFA,CFA,CFA,CFA,CFA,,,,,,
Id482,culture,,,2,CFA,CFA,CFA,CFA,CFA,CFA,,,,,,
Id483,sports,,,4,CFA,CFA,CFA,CFA,CFA,CFA,,,,,,
Id484,geography,,,2,CFA,CFA,CFA,CFA,CFA,CFA,,,,,,
Id485,geography,,,3,CFA,CFA,CFA,CFA,CFA,CFA,,,,,,
Id486,sports,,,2,CFA,CFA,CFA,CFA,CFA,CFA,,,,,,
Id487,history,,,1,CFA,CFA,CFA,CFA,CFA,CFA,,,,,,
Id488,history,,,4,FA,FA,FA,FA,FA,FA,,,,,,
Id490,geography,,,4,CFA,CFA,CFA,CFA,CFA,CFA,,,,,,
Id491,geography,,,1,CFA,CFA,CFA,CFA,CFA,CFA,,,,,,
Id492,geography,,,1,CFA,CFA,CFA,CFA,CFA,CFA,,,,,,
Id493,geography,,,2,CFA,CFA,FA,FA,CFA,FA,,,,,,
Id494,geography,,,1,CFA,CFA,CFA,CFA,CFA,CFA,,,,,,
Id495,geography,,,1,CFA,CFA,CFA,CFA,CFA,CFA,,,,,,
Id496,geography,,,1,CFA,CFA,CFA,CFA,CFA,CFA,,,,,,
Id497,geography,,,2,CFA,CFA,CFA,CFA,CFA,CFA,,,,,,
Id498,geography,,,3,CFA,CFA,CFA,CFA,CFA,CFA,,,,,,
Id499,history,,,2,FI,FI,CFA,CFA,CFA,CFA,,,,,,
Id500,geography,,,3,FA,FA,CFA,CFA,CFA,FA,,,,,,
Id501,geography,,,1,CFA,CFA,CFA,CFA,CFA,CFA,,,,,,
Id502,geography,,,1,CFA,CFA,CFA,CFA,CFA,CFA,,,,,,
Id503,history,,,4,CFA,CFA,CFA,CFA,CFA,CFA,,,,,,
Id504,geography,,,1,CFA,CFA,CFA,CFA,CFA,CFA,,,,,,
Id505,culture,,,2,CFA,CFA,CFA,CFA,CFA,CFA,,,,,,
Id506,geography,,,2,CFA,CFA,CFA,CFA,CFA,CFA,,,,,,
Id507,history,,,1,CFA,CFA,CFA,CFA,CFA,CFA,,,,,,
Id508,geography,,,2,FA,FA,FA,FA,FA,FA,,,,,,
Id509,geography,,,2,CFA,CFA,CFA,CFA,CFA,CFA,,,,,,
Id510,geography,,,1,FA,FA,FA,FA,FA,FA,,,,,,
Id511,geography,,,2,CFA,CFA,CFA,CFA,CFA,CFA,,,,,,
Id512,geography,,,1,CFA,CFA,CFA,CFA,CFA,CFA,,,,,,
Id513,geography,,,2,FI,FI,FI,FI,FI,FI,,,,,,
Id514,geography,,,2,CFA,CFA,CFA,CFA,CFA,CFA,,,,,,
Id515,geography,,,1,CFA,CFA,CFA,CFA,CFA,CFA,,,,,,
Id516,geography,,,1,FA,FA,CFA,CFA,FA,FA,,,,,,
Id517,geography,,,1,CFA,CFA,CFA,CFA,CFA,CFA,,,,,,
Id518,geography,,,1,CFA,CFA,CFA,CFA,CFA,CFA,,,,,,
Id519,geography,,,2,CFA,CFA,CFA,CFA,CFA,CFA,,,,,,
Id520,culture,,,1,CFA,CFA,CFA,CFA,CFA,CFA,,,,,,
Id521,culture,,,3,CFA,CFA,CFA,CFA,CFA,CFA,,,,,,
Id522,geography,,,1,CFA,CFA,CFA,CFA,CFA,CFA,,,,,,
Id523,culture,,,1,FI,FI,CFA,FI,FI,FI,,,,,,
Id524,history,,,2,CFA,CFA,CFA,CFA,CFA,CFA,,,,,,
Id525,geography,,,3,CFA,CFA,CFA,CFA,CFA,CFA,,,,,,
Id526,geography,,,3,CFA,CFA,CFA,CFA,CFA,CFA,,,,,,
Id527,geography,,,3,CFA,CFA,CFA,CFA,CFA,CFA,,,,,,
Id528,geography,,,2,CFA,CFA,CFA,CFA,CFA,CFA,,,,,,
Id529,history,,,2,CFA,CFA,CFA,CFA,CFA,CFA,,,,,,
